---
version:
  config: 1503676941
  puppet: 4.8.1
resources:
  changed: 3
  corrective_change: 3
  failed: 2
  failed_to_restart: 0
  out_of_sync: 5
  restarted: 0
  scheduled: 0
  skipped: 28
  total: 103
time:
  config_retrieval: 1.537887
  exec: 0.44349000000000005
  file: 0.3343399999999999
  filebucket: 0.000273
  schedule: 0.000915
  total: 2.316905
  last_run: 1503676945
changes:
  total: 3
events:
  failure: 2
  success: 3
  total: 5
